02 08 1990	-0.014	-0.02	0.01	0.02	0.01	0.01	NaN	NaN	NaN	NaN	NaN	NaN	NaN	-0.1666	0
03 28 1990	0	-0.0207	-0.02	-0.02	-0.02	-0.03	NaN	NaN	NaN	NaN	NaN	NaN	NaN	-0.1728	0
05 16 1990	0	0	-0.01	-0.02	-0.02	-0.02	NaN	NaN	NaN	NaN	NaN	NaN	NaN	0.0369	0
07 05 1990	0	-0.0344	0	0.01	0.01	0	NaN	NaN	NaN	NaN	NaN	NaN	NaN	-0.0112	0
07 13 1990	-0.1378	0.1301	-0.04	-0.04	-0.03	-0.03	NaN	NaN	NaN	NaN	NaN	NaN	NaN	0.0299	0
08 22 1990	0	0	0.01	0	0	0	NaN	NaN	NaN	NaN	NaN	NaN	NaN	0.2918	0
10 03 1990	0.0111	-0.0284	0	-0.02	0	-0.01	NaN	NaN	NaN	NaN	NaN	NaN	NaN	-0.1397	0
10 29 1990	-0.03	-0.03	0.02	0.02	0	-0.01	NaN	NaN	NaN	NaN	NaN	NaN	NaN	-0.5019	0
11 14 1990	0.0188	0.022	0.01	0.01	0	0.01	NaN	NaN	NaN	NaN	NaN	NaN	NaN	-0.0094	0
12 07 1990	-0.0904	-0.0377	-0.03	-0.02	-0.02	-0.03	NaN	NaN	NaN	NaN	NaN	NaN	NaN	0.0886	0
12 18 1990	-0.2146	-0.0485	-0.15	-0.12	-0.08	0.02	NaN	NaN	NaN	NaN	NaN	NaN	NaN	0.7645	0
01 08 1991	-0.1348	-0.1017	-0.17	-0.14	-0.1	-0.1	NaN	NaN	NaN	NaN	NaN	NaN	NaN	0.5181	0
02 01 1991	-0.0726	-0.0691	-0.04	-0.05	-0.06	-0.03	NaN	NaN	NaN	NaN	NaN	NaN	NaN	-0.1803	0
02 07 1991	0	-0.02	0	-0.01	-0.01	-0.01	NaN	NaN	NaN	NaN	NaN	NaN	NaN	-0.2232	0
03 08 1991	-0.027	-0.07	-0.05	-0.08	-0.05	-0.04	NaN	NaN	NaN	NaN	NaN	NaN	NaN	0.3965	0
03 27 1991	-0.02	0.0381	-0.01	-0.01	-0.02	-0.09	NaN	NaN	NaN	NaN	NaN	NaN	NaN	0.1406	0
04 30 1991	-0.18	-0.18	-0.18	-0.21	-0.19	-0.15	NaN	NaN	NaN	NaN	NaN	NaN	NaN	0.942	0
05 15 1991	0.0194	-0.0029	0	0	0.01	0.02	NaN	NaN	NaN	NaN	NaN	NaN	NaN	-0.2396	0
07 05 1991	0	-0.031	0.02	0.02	0.02	0.01	0	0	0.021	0.027	0.024	0.025	0.02	-0.0293	0
08 06 1991	-0.186	-0.0744	-0.13	-0.13	-0.11	-0.09	-0.114	-0.091	-0.077	-0.059	-0.04	-0.024	-0.0122	0.4942	0
08 21 1991	0.124	0.0342	0.01	0.02	0.03	0.02	0.01	0.01	0.008	0.007	0.004	0.005	-0.0004	0.1221	0
09 13 1991	-0.0529	0.0143	-0.01	0	0.02	0	-0.016	-0.011	0.004	-0.007	-0.009	-0.008	-0.0124	-0.0465	0
10 02 1991	-0.0107	0.0152	0	-0.01	0.01	0.01	-0.005	0.006	0	-0.006	-0.005	-0.004	-0.0037	-0.0436	0
10 30 1991	-0.03	-0.03	0	-0.02	0	0	-0.016	-0.005	-0.017	-0.017	-0.006	-0.004	0.0105	0.023	0
11 06 1991	-0.1	-0.1477	-0.09	-0.09	-0.09	-0.09	-0.115	-0.112	-0.093	-0.078	-0.05	-0.044	-0.0097	0	0
12 06 1991	0	0	0.01	0	0.01	0.01	0.005	0.011	0.009	0.003	0.009	0.002	0.0188	0.0263	0
12 18 1991	0.0477	-0.0124	0	0.01	0.01	0.07	0.01	0.006	0.013	0.011	-0.005	-0.005	-0.0298	-0.0079	0
12 20 1991	-0.3664	-0.2197	-0.3	-0.29	-0.29	-0.23	-0.176	-0.232	-0.241	-0.169	-0.082	-0.05	0.0451	0	0
02 06 1992	0.0126	0.0099	-0.01	-0.01	0.01	-0.01	0	-0.005	0	0	-0.004	-0.002	-0.0103	0.0362	0
04 01 1992	0.0103	-0.047	0.02	0	0.01	0.01	0	0	0	-0.002	0.002	0.005	0.0081	-0.132	0
04 09 1992	-0.2143	-0.174	-0.19	-0.25	-0.23	-0.25	-0.155	-0.158	-0.188	-0.123	-0.053	-0.036	0.0507	0.8015	0
05 20 1992	0	0.0321	0.02	0.02	0.01	0.01	0.005	0.022	0.026	-0.003	-0.011	-0.008	-0.0236	-0.0672	0
07 02 1992	-0.0855	-0.0971	-0.01	0	0.04	0.04	0	0.105	0.012	0.025	0.018	0.004	0.0086	0.0557	0
08 19 1992	0.0258	0.0054	-0.01	0.01	-0.01	0.01	0.005	0.005	0	0	-0.002	-0.001	-0.0051	0.0262	0
09 04 1992	0	0	-0.01	-0.01	-0.01	-0.02	-0.006	0	-0.008	0.004	0.008	0.016	0.0146	-0.0024	0
10 07 1992	0	0.025	0	0.01	0	0	0.021	0.021	0.017	0.004	0.009	-0.004	0.0171	-0.1813	0
11 18 1992	-0.05	0.105	0.01	0	0.01	0.01	0	0	0.005	-0.002	-0.003	-0.004	-0.0047	0.2785	0
12 23 1992	0.0387	-0.0298	-0.01	-0.01	-0.01	-0.04	-0.005	-0.005	0	-0.006	-0.004	0	-0.0013	-0.1021	0
02 04 1993	0	-0.04	0	0	0.01	0	-0.006	-0.006	0	0.002	0.002	0.004	0.0021	-0.0625	0
03 24 1993	0	0.0258	0.01	0	0	0.04	0	0	0.009	0	0.002	0.003	0.0049	-0.0932	0
05 19 1993	-0.0258	-0.018	-0.01	-0.02	-0.02	-0.03	-0.006	-0.005	-0.012	-0.016	-0.015	-0.015	-0.0144	0.1596	0
07 08 1993	0.027	-0.0373	0	-0.01	0	0	0	0	-0.004	0	-0.002	-0.002	-0.0049	0.29	0
08 18 1993	0	0.075	0.01	0.02	0	0.02	0	0.006	0.008	0.007	0.008	0.013	0.0097	-0.1182	0
09 22 1993	0	0.0231	0	0	-0.01	-0.02	0	0	0.004	0.009	0.004	0.002	-0.0027	0	0
11 17 1993	0.0231	-0.0564	0.01	0	0	0	-0.005	-0.005	-0.004	0	-0.012	-0.009	-0.0291	0.0408	0
12 22 1993	0	-0.0117	0	0	0	-0.08	-0.005	-0.005	0	0	0	-0.006	0	0.0193	0
02 04 1994	0.1633	-0.0548	0.13	0.15	0.14	0.16	0.149	0.131	0.142	0.112	0.074	0.016	0.0239	-0.6599	1
03 22 1994	0	-0.0886	-0.06	-0.05	-0.05	-0.05	-0.021	-0.053	-0.052	-0.073	-0.066	-0.051	-0.0582	0.3008	0
04 18 1994	0.15	-0.005	0.07	0.08	0.09	0.09	0.114	0.084	0.099	0.076	0.049	0.032	0.0111	-0.6789	0
05 17 1994	0.1107	-0.0514	-0.03	-0.07	-0.07	-0.07	0.036	-0.032	-0.069	-0.087	-0.095	-0.076	-0.1092	0.5416	1
07 06 1994	-0.0496	0.0529	0	0	0.01	0.01	-0.01	0	0	0.013	0.015	0.018	0.0183	-0.1835	0
08 16 1994	0.124	0	0.07	0.03	0.01	0	0.073	0.059	0.022	-0.022	-0.047	-0.039	-0.0846	0.2552	1
09 27 1994	-0.09	-0.01	-0.03	-0.02	-0.01	0	-0.062	-0.032	-0.009	0.023	0.024	0.039	0.0261	-0.195	0
11 15 1994	0.12	0.0073	0.06	0.04	0.03	0.03	-0.031	0.032	0.026	0.004	-0.012	-0.032	-0.0362	-0.5506	1
12 20 1994	-0.2255	-0.0435	-0.07	0.01	0.01	0.02	-0.083	-0.059	-0.013	-0.008	0.006	0.014	0.0265	0.0459	0
02 01 1995	0.0622	0.04	0.05	0.05	0.06	0.06	0.042	0.033	0.068	0.053	0.032	0.022	0.0017	-0.2096	1
03 28 1995	-0.01	0.0675	0.01	0.02	0.02	0.02	0.011	0.021	0.009	0.011	0.016	0.009	0.0233	-0.1431	0
05 23 1995	0	0	-0.01	-0.01	-0.01	0	-0.005	0.006	0	0.003	0.002	0.002	0.0006	-0.0171	0
07 06 1995	-0.1116	-0.1061	-0.18	-0.27	-0.26	-0.25	-0.146	-0.215	-0.19	-0.169	-0.134	-0.083	-0.0879	0.3107	1
08 22 1995	0.0344	0.01	0.05	0.06	0.06	0.05	0.01	0.021	0.035	0.036	0.026	0.037	0.0124	-0.17	0
09 26 1995	0.03	0.03	0.07	0.06	0.08	0.05	0.084	0.07	0.039	0.045	0.032	0.013	0.0145	-0.175	0
11 15 1995	0.04	-0.0116	0.05	0.03	0.02	0.03	0.016	0.043	0.03	0.022	0.016	0.004	0.0081	-0.0611	0
12 19 1995	-0.0904	-0.06	-0.05	-0.03	-0.03	-0.04	-0.021	-0.037	-0.017	-0.022	-0.008	-0.015	0.0108	0.264	1
01 31 1996	-0.03	-0.02	-0.02	-0.02	-0.03	-0.04	-0.01	-0.021	-0.029	-0.033	-0.01	-0.002	0.0209	0.0507	1
03 26 1996	0.01	-0.021	0.01	0.01	0.02	0.01	-0.005	0.011	0.013	-0.008	-0.002	-0.006	-0.0013	0.0092	0
05 21 1996	0	0.0111	0	0.02	0.01	0.02	0.005	0.006	0.013	0.015	0.012	0.009	0.008	-0.2149	0
07 03 1996	-0.072	-0.0101	-0.04	-0.02	-0.01	-0.01	-0.042	-0.027	-0.026	-0.02	-0.011	0.003	0.0016	0.1386	0
08 20 1996	-0.0282	0.01	0	0	0.02	0.01	-0.015	0.006	0.009	0.013	0.013	0.013	0.0132	-0.144	0
09 24 1996	-0.12	-0.1024	-0.08	-0.09	-0.07	-0.08	-0.135	-0.102	-0.091	-0.056	-0.031	-0.012	0.0039	0.0073	0
11 13 1996	-0.0177	-0.0007	0	-0.01	-0.02	-0.03	-0.006	-0.005	-0.009	-0.016	-0.024	-0.022	-0.0353	0.2576	0
12 17 1996	0.0111	-0.0024	-0.01	0	0	-0.01	-0.01	-0.016	0.005	0.005	0.005	-0.003	0.0051	-0.0759	0
02 05 1997	-0.0365	0	-0.01	0.01	0.02	0.03	-0.011	0.005	0.009	0.022	0.022	0.03	0.0223	-0.3361	0
03 25 1997	0.04	0.04	0.045	0.065	0.075	0.065	0.011	0.026	0.07	0.072	0.056	0.048	0.0341	-0.6655	1
05 20 1997	-0.0986	-0.0787	-0.07	-0.07	-0.055	-0.05	-0.073	-0.091	-0.035	-0.03	-0.013	-0.005	0.0107	0.5508	0
07 02 1997	-0.0214	0.008	0	0	0	0	0	-0.005	0	-0.008	-0.009	-0.01	-0.0104	0.1924	0
08 19 1997	0	0.01	-0.005	0.01	0.015	0.015	0	0.005	0.009	0.017	0.013	0.015	0.0076	-0.4278	0
09 30 1997	0	0	-0.01	-0.005	-0.005	0.005	-0.005	-0.016	-0.004	0.003	0.006	0.008	0.0101	-0.2064	0
11 12 1997	-0.0417	0.0031	-0.03	-0.03	-0.03	-0.035	-0.026	-0.017	-0.03	-0.024	-0.023	-0.013	-0.0218	-0.5521	0
12 16 1997	0	-0.0117	-0.005	-0.005	-0.01	-0.01	-0.005	0.005	-0.013	-0.006	-0.004	-0.005	-0.0014	-0.1299	0
02 04 1998	0	0	0.01	0.015	0.02	0.025	0	0.016	0.017	0.011	0.007	0.003	0.0018	-0.3372	0
03 31 1998	-0.01	-0.01	-0.005	0	0.005	0	-0.016	0	0.004	0.004	0.004	0	0.004	-0.0181	0
05 19 1998	-0.0258	-0.0095	-0.03	-0.015	-0.015	-0.015	-0.011	-0.011	-0.018	-0.011	-0.008	-0.004	-0.0041	-0.1169	0
07 01 1998	-0.0052	0.031	0.005	0	0.005	0.005	-0.005	0	0	0.003	0.002	0.001	0.0007	0.0876	0
08 18 1998	0.0119	0	0.005	-0.005	0	-0.005	-0.01	-0.006	-0.004	0.001	0	0.003	-0.0013	0.1645	0
09 29 1998	0.05	0.0731	0.05	0.005	0.01	0.015	0	0.011	0.021	0.014	-0.004	0.004	-0.0269	-0.7518	1
10 15 1998	-0.2422	-0.2371	-0.245	-0.27	-0.27	-0.275	-0.166	-0.254	-0.254	-0.199	-0.15	-0.081	-0.0904	2.0426	1
11 17 1998	-0.0692	0.0659	-0.035	-0.03	0.005	-0.01	-0.057	-0.053	-0.013	-0.008	-0.01	-0.001	-0.0128	0.8119	1
12 22 1998	0	0.0112	0.01	-0.005	-0.005	0	-0.006	0.01	0.004	-0.004	0.002	0.019	0.0097	-0.1328	0
02 03 1999	0.0056	0	-0.005	0.015	0.01	0.005	-0.005	0	0.012	0.019	0.024	0.015	0.0305	0.1498	0
03 30 1999	-0.01	-0.01	-0.02	-0.025	-0.025	-0.035	-0.016	-0.016	-0.029	-0.019	-0.006	0.002	0.0109	-0.2064	0
05 18 1999	-0.0119	0.02	0.03	0.12	0.145	0.165	0.021	0.08	0.111	0.124	0.108	0.069	0.0875	-1.4356	1
06 30 1999	-0.03	-0.07	-0.095	-0.095	-0.105	-0.12	-0.031	-0.049	-0.109	-0.11	-0.077	-0.045	-0.0331	1.6091	1
08 24 1999	0.035	0.0112	0.003	0	-0.005	-0.025	0.021	-0.005	0	-0.02	-0.019	-0.003	-0.0178	0.5728	1
10 05 1999	-0.0417	-0.0166	0.035	0.075	0.1	0.1	0	0.032	0.076	0.078	0.072	0.057	0.0644	-0.8293	1
11 16 1999	0.075	0.0905	0.065	0.08	0.075	0.06	0.042	0.021	0.077	0.053	0.038	0.023	0.018	-0.4176	1
12 21 1999	0.0155	-0.0065	0.01	0.045	0.035	0.05	0.011	0.027	0.031	0.044	0.04	0.039	0.0347	0.4772	1
02 02 2000	-0.0591	0.0001	-0.015	0	0.005	0.025	-0.031	0	0.039	0.055	0.046	0.024	0.0335	-0.4101	1
03 21 2000	-0.0465	0.0599	-0.01	-0.005	0.005	0.005	-0.005	0	0.022	0.018	-0.002	-0.004	-0.0283	0.0612	1
05 16 2000	0.0413	0.05	0.05	0.05	0.055	0.045	0.026	0.011	0.052	0.037	0.009	-0.002	-0.0285	-0.5454	1
06 28 2000	-0.025	-0.025	-0.02	-0.02	-0.03	-0.035	-0.031	-0.011	-0.026	-0.018	-0.015	-0.065	-0.0109	0.253	1
08 22 2000	-0.0172	0.0018	-0.005	0.015	0.03	0.03	0	0.005	0.017	0.014	0.008	-0.002	0.0001	-0.1262	1
10 03 2000	0	0	0.02	0.04	0.05	0.065	-0.01	0.005	0.055	0.044	0.025	-0.009	-0.0003	-0.3027	1
11 15 2000	-0.01	0.0158	0.007	0.015	0.01	0	0	0.005	0	-0.007	-0.021	0	-0.0396	-0.6675	1
12 19 2000	0.0646	0.015	0.03	0.02	0.015	0	0.011	0.016	0.013	0.014	0.026	-0.024	0.0507	-0.6911	1
01 03 2001	-0.393	-0.165	-0.14	-0.145	-0.1	-0.09	-0.156	-0.118	-0.016	0.053	0.052	0.14	0.0511	4.0758	1
01 31 2001	0.035	0.0491	0.04	-0.01	-0.035	-0.045	0.026	0.038	0.008	0.018	0.013	0.063	0.0067	-0.6236	1
03 20 2001	0.0705	-0.1823	-0.04	-0.065	-0.09	-0.09	0.005	-0.021	-0.034	-0.026	-0.008	-0.011	0.0152	-0.6796	1
04 18 2001	-0.4375	-0.4424	-0.38	-0.32	-0.36	-0.285	-0.233	-0.243	-0.233	-0.113	-0.027	0.005	0.0874	2.2296	1
05 15 2001	-0.0969	-0.115	-0.115	-0.135	-0.13	-0.165	-0.067	-0.094	-0.131	-0.079	-0.024	0.009	0.065	0.4088	1
06 27 2001	0.105	0.0585	0.07	0.065	0.075	0.06	0.072	0.047	0.055	0.022	0.011	-0.033	0.006	-0.4032	1
08 21 2001	0.0155	-0.0171	-0.004	-0.04	-0.055	-0.045	-0.005	-0.016	-0.038	-0.008	-0.006	0.002	-0.0035	-0.7122	1
10 02 2001	-0.0374	-0.0406	-0.055	-0.06	-0.06	-0.06	-0.036	-0.026	-0.008	-0.004	-0.0019	-0.0447	0.0504	-0.3072	1
11 06 2001	-0.15	-0.1267	-0.165	-0.16	-0.185	-0.17	-0.133	-0.124	-0.118	0.02	-0.019	0.027	0.0761	0.9404	1
12 11 2001	-0.0077	-0.025	-0.025	-0.07	-0.105	-0.105	-0.041	-0.041	-0.066	-0.075	-0.051	-0.017	-0.0207	0.2272	1
01 30 2002	0.025	0.0121	0.03	0.02	0.025	0.03	0.005	0.01	0	-0.009	-0.01	-0.009	-0.0118	-0.1275	1
03 19 2002	-0.0258	-0.0312	-0.055	-0.075	-0.075	-0.08	-0.052	-0.046	-0.071	-0.066	-0.052	-0.021	-0.0349	-0.3827	1
05 07 2002	0.0065	0	-0.02	-0.04	-0.055	-0.06	-0.01	-0.006	-0.0328	0	-0.0186	-0.01	-0.047	-0.3735	1
06 26 2002	0	0	0.01	0.015	0.005	0.005	0.005	0	0	0.0141	0.0081	0.0011	0.0004	-0.6048	1
08 13 2002	0.0431	-0.005	-0.025	-0.08	-0.16	-0.195	-0.02	-0.093	-0.0978	-0.0544	-0.0515	-0.0311	-0.0508	-0.6976	1
09 24 2002	0.02	-0.005	0.005	-0.01	-0.02	-0.03	0.005	0.005	0	-0.0169	-0.0146	-0.0018	-0.0125	-0.9571	1
11 06 2002	-0.2	-0.1188	-0.095	-0.07	-0.085	-0.09	-0.174	-0.138	-0.0562	-0.0707	-0.0707	-0.0332	-0.0753	-0.9259	1
12 10 2002	0	0.005	0.007	0.015	0.025	0.04	0	0	0.0405	0.0172	0.0116	0.0069	0.0049	-0.3381	1
01 29 2003	0.01	0.0219	0.04	0.045	0.06	0.055	0.016	0.01	0.0415	0.0458	0.0468	0.0314	0.0512	0.1653	1
03 18 2003	0.0238	-0.0181	0.01	-0.015	0	-0.015	0	0.02	0	-0.0137	-0.021	-0.0078	-0.0319	-0.5072	1
05 06 2003	0.0372	-0.03	-0.03	-0.08	-0.115	-0.145	-0.01	-0.05	-0.0963	-0.0804	-0.0542	-0.0251	-0.0231	0.1783	1
06 25 2003	0.135	0.086	0.105	0.1	0.145	0.12	0.09	0.08	0.0575	0.0436	0.0257	-0.0079	0.0043	-0.2715	1
08 12 2003	0	0	-0.01	-0.025	-0.05	-0.08	-0.01	-0.01	-0.0489	-0.0443	-0.0274	-0.0214	-0.0063	-0.1049	1
09 16 2003	0.0107	0.005	0.005	-0.005	0.005	-0.01	0	0	-0.0082	0.0034	-0.0059	0.0011	-0.019	-0.185	1
10 28 2003	-0.005	0.002	-0.025	-0.09	-0.115	-0.135	-0.01	-0.02	-0.1081	-0.103	-0.0788	-0.0555	-0.0515	-0.0501	1
12 09 2003	0	-0.005	-0.0025	0.005	0.055	0.085	0	0	0.0649	0.1068	0.0936	0.0782	0.0818	-0.0581	1
01 28 2004	0.005	0.005	0.02	0.11	0.185	0.245	0.02	0.02	0.2155	0.2288	0.1616	0.1168	0.0821	-0.9677	1
03 16 2004	0	0.0057	-0.025	-0.06	-0.08	-0.1	-0.01	-0.01	-0.0814	-0.0912	-0.0714	-0.0479	-0.0499	-0.0729	1
05 04 2004	-0.0115	-0.005	0	0.005	0.01	0.02	0	-0.01	0.0243	0.0211	0.0245	0.0393	0.0305	0.3657	1
06 30 2004	-0.005	-0.0271	-0.035	-0.03	-0.025	-0.015	-0.02	-0.02	-0.0081	0.007	0.0119	0.0197	0.0191	0.2812	1
08 10 2004	0.0074	0.0328	0.035	0.045	0.045	0.04	0	-0.02	0.0408	0.0346	0.0231	0.0104	0.0228	-0.2991	1
09 21 2004	0	0	-0.01	-0.015	-0.015	-0.02	-0.01	-0.02	-0.0083	-0.0171	-0.0249	-0.0282	-0.0362	0.0639	1
11 10 2004	-0.0075	0.0062	-0.01	-0.02	-0.04	-0.05	0.01	0	-0.0248	-0.0275	-0.0295	-0.0277	-0.0333	0.0841	1
12 14 2004	-0.0091	-0.0047	-0.005	-0.015	-0.015	-0.02	-0.03	-0.02	-0.0166	-0.0103	-0.0135	-0.012	-0.0272	0.0583	1
